<?xml version="1.0" encoding="utf-8"?><svg xmlns="http://www.w3.org/2000/svg" xmlns:xlink="http://www.w3.org/1999/xlink" width="1366" height="630" preserveAspectRatio="xMidYMid" viewBox="0 0 1366 630" style="z-index:1;margin-right:-2px;display:block;background-repeat-y:initial;background-repeat-x:initial;background-color:rgb(255, 228, 123);animation-play-state:paused" ><g transform="translate(683,315) scale(1,1) translate(-683,-315)" style="transform:matrix(1, 0, 0, 1, 0, 0);animation-play-state:paused" ><style type="text/css" style="animation-play-state:paused" >@keyframes ld-fall {
    0%    { transform: translate(0,0px) rotate3d(1,1,1,0deg); }
    16.6% { transform: translate(0,107px) rotate3d(1,1,1,180deg); }
    33.3% { transform: translate(0,214px) rotate3d(1,1,1,360deg); }
    50.0% { transform: translate(0,321px) rotate3d(1,1,1,540deg); }
    66.6% { transform: translate(0,428px) rotate3d(1,1,1,720deg); }
    83.3% { transform: translate(0,535px) rotate3d(1,1,1,900deg); }
    100%  { transform: translate(0,642px) rotate3d(1,1,1,1080deg) ; }
  }
  .ld.ld-fall {
    animation: ld-fall 4s linear infinite;
  }
  .ld.ld-fall2 {
    animation: ld-fall 4s linear infinite;
    animation-fill-mode: forwards;
  }</style>

  
<g transform="translate(0 457.49286498768316)" style="transform:matrix(1, 0, 0, 1, 0, 457.493);animation-play-state:paused" ><g transform="translate(1160.7714412726332 0)" style="transform:matrix(1, 0, 0, 1, 1160.77, 0);animation-play-state:paused" ><g class="ld ld-fall2" style="transform:matrix3d(0.241236, 0.951197, -0.192432, 0, -0.192432, 0.241236, 0.951197, 0, 0.951197, -0.192432, 0.241236, 0, 0, 58.2202, 0, 1);animation-play-state:paused;animation-duration:2s;animation-delay:-0.180646s" ><rect x="-5.071382699724362" y="-3.0361255701215084" width="10.142765399448724" height="6.072251140243017" fill="#f7d038" style="transform:matrix(1.70657, 0, 0, 1.70657, 0, 0);animation-play-state:paused" ></rect></g></g>
<g transform="translate(869.9460288682848 0)" style="transform:matrix(1, 0, 0, 1, 869.946, 0);animation-play-state:paused" ><g class="ld ld-fall2" style="transform:matrix3d(0.747071, -0.326249, 0.579177, 0, 0.579177, 0.747071, -0.326249, 0, -0.326249, 0.579177, 0.747071, 0, 0, 183.303, 0, 1);animation-play-state:paused;animation-duration:2s;animation-delay:-0.57018s" ><rect x="-4.371079698643413" y="-5.30225947245065" width="8.742159397286827" height="10.6045189449013" fill="#f7d038" style="transform:matrix(3.42065, 0, 0, 3.42065, 0, 0);animation-play-state:paused" ></rect></g></g>
<g transform="translate(701.245669163687 0)" style="transform:matrix(1, 0, 0, 1, 701.246, 0);animation-play-state:paused" ><g class="ld ld-fall2" style="transform:matrix3d(0.833204, 0.465406, -0.29861, 0, -0.29861, 0.833204, 0.465406, 0, 0.465406, -0.29861, 0.833204, 0, 0, 238.626, 0, 1);animation-play-state:paused;animation-duration:2s;animation-delay:-0.742869s" ><rect x="-3.1827549616285413" y="-5.729149600580333" width="6.365509923257083" height="11.458299201160665" fill="#d23be7" style="transform:matrix(2.34102, 0, 0, 2.34102, 0, 0);animation-play-state:paused" ></rect></g></g>
<g transform="translate(318.6147339175695 0)" style="transform:matrix(1, 0, 0, 1, 318.615, 0);animation-play-state:paused" ><g class="ld ld-fall2" style="transform:matrix3d(-0.150774, 0.972329, 0.178445, 0, 0.178445, -0.150774, 0.972329, 0, 0.972329, 0.178445, -0.150774, 0, 0, 509.181, 0, 1);animation-play-state:paused;animation-duration:4s;animation-delay:-3.17081s" ><rect x="-4.587735174645536" y="-4.040009698540847" width="9.175470349291071" height="8.080019397081694" fill="#f7d038" style="transform:matrix(1.57012, 0, 0, 1.57012, 0, 0);animation-play-state:paused" ></rect></g></g>
<g transform="translate(772.2333297075688 0)" style="transform:matrix(1, 0, 0, 1, 772.233, 0);animation-play-state:paused" ><g class="ld ld-fall2" style="transform:matrix3d(-0.291788, 0.846519, 0.445269, 0, 0.445269, -0.291788, 0.846519, 0, 0.846519, 0.445269, -0.291788, 0, 0, 94.9125, 0, 1);animation-play-state:paused;animation-duration:2s;animation-delay:-0.294495s" ><rect x="-5.9595480695537475" y="-5.402132258943888" width="11.919096139107495" height="10.804264517887775" fill="#34bbe6" style="transform:matrix(2.13148, 0, 0, 2.13148, 0, 0);animation-play-state:paused" ></rect></g></g>
<g transform="translate(829.6414014517344 0)" style="transform:matrix(1, 0, 0, 1, 829.641, 0);animation-play-state:paused" ><g class="ld ld-fall2" style="transform:matrix3d(0.987668, -0.10437, 0.116702, 0, 0.116702, 0.987668, -0.10437, 0, -0.10437, 0.116702, 0.987668, 0, 0, 207.439, 0, 1);animation-play-state:paused;animation-duration:2s;animation-delay:-0.645519s" ><rect x="-4.69283427998058" y="-3.0754691550946265" width="9.38566855996116" height="6.150938310189253" fill="#a3e048" style="transform:matrix(3.03243, 0, 0, 3.03243, 0, 0);animation-play-state:paused" ></rect></g></g>
<g transform="translate(1274.4854768588455 0)" style="transform:matrix(1, 0, 0, 1, 1274.49, 0);animation-play-state:paused" ><g class="ld ld-fall2" style="transform:matrix3d(0.0429299, -0.0411598, 0.99823, 0, 0.99823, 0.0429299, -0.0411598, 0, -0.0411598, 0.99823, 0.0429299, 0, 0, 145.149, 0, 1);animation-play-state:paused;animation-duration:4s;animation-delay:-0.902165s" ><rect x="-5.942108815898265" y="-4.609038438458695" width="11.88421763179653" height="9.21807687691739" fill="#d23be7" style="transform:matrix(2.89886, 0, 0, 2.89886, 0, 0);animation-play-state:paused" ></rect></g></g>
<g transform="translate(915.4763307558586 0)" style="transform:matrix(1, 0, 0, 1, 915.476, 0);animation-play-state:paused" ><g class="ld ld-fall2" style="transform:matrix3d(0.84578, 0.44641, -0.29219, 0, -0.29219, 0.84578, 0.44641, 0, 0.44641, -0.29219, 0.84578, 0, 0, 237.638, 0, 1);animation-play-state:paused;animation-duration:2s;animation-delay:-0.739787s" ><rect x="-4.493379674083438" y="-5.552137989380844" width="8.986759348166876" height="11.104275978761688" fill="#d23be7" style="transform:matrix(3.40833, 0, 0, 3.40833, 0, 0);animation-play-state:paused" ></rect></g></g>
<g transform="translate(200.6800783939731 0)" style="transform:matrix(1, 0, 0, 1, 200.68, 0);animation-play-state:paused" ><g class="ld ld-fall2" style="transform:matrix3d(-0.244461, 0.334222, 0.910239, 0, 0.910239, -0.244461, 0.334222, 0, 0.334222, 0.910239, -0.244461, 0, 0, 552.788, 0, 1);animation-play-state:paused;animation-duration:4s;animation-delay:-3.44305s" ><rect x="-5.148093332891267" y="-4.461778496978041" width="10.296186665782534" height="8.923556993956081" fill="#34bbe6" style="transform:matrix(2.17562, 0, 0, 2.17562, 0, 0);animation-play-state:paused" ></rect></g></g>
<g transform="translate(63.074157032317366 0)" style="transform:matrix(1, 0, 0, 1, 63.0742, 0);animation-play-state:paused" ><g class="ld ld-fall2" style="transform:matrix3d(0.42649, 0.858441, -0.284931, 0, -0.284931, 0.42649, 0.858441, 0, 0.858441, -0.284931, 0.42649, 0, 0, 48.7251, 0, 1);animation-play-state:paused;animation-duration:4s;animation-delay:-0.302369s" ><rect x="-4.847037161264348" y="-5.892071620356985" width="9.694074322528696" height="11.78414324071397" fill="#f7d038" style="transform:matrix(2.36098, 0, 0, 2.36098, 0, 0);animation-play-state:paused" ></rect></g></g>
<g transform="translate(423.7820269429795 0)" style="transform:matrix(1, 0, 0, 1, 423.782, 0);animation-play-state:paused" ><g class="ld ld-fall2" style="transform:matrix3d(-0.285982, 0.429286, 0.856696, 0, 0.856696, -0.285982, 0.429286, 0, 0.429286, 0.856696, -0.285982, 0, 0, 333.914, 0, 1);animation-play-state:paused;animation-duration:2s;animation-delay:-1.04007s" ><rect x="-4.65471002018206" y="-5.255088690039333" width="9.30942004036412" height="10.510177380078666" fill="#e6261f" style="transform:matrix(2.33348, 0, 0, 2.33348, 0, 0);animation-play-state:paused" ></rect></g></g>
<g transform="translate(1160.9466944373582 0)" style="transform:matrix(1, 0, 0, 1, 1160.95, 0);animation-play-state:paused" ><g class="ld ld-fall2" style="transform:matrix3d(-0.101266, 0.988441, 0.112824, 0, 0.112824, -0.101266, 0.988441, 0, 0.988441, 0.112824, -0.101266, 0, 0, 77.6849, 0, 1);animation-play-state:paused;animation-duration:2s;animation-delay:-0.241041s" ><rect x="-3.5954392900516146" y="-3.846373071045993" width="7.190878580103229" height="7.692746142091986" fill="#eb7532" style="transform:matrix(2.79569, 0, 0, 2.79569, 0, 0);animation-play-state:paused" ></rect></g></g>
<g transform="translate(583.989660899019 0)" style="transform:matrix(1, 0, 0, 1, 583.99, 0);animation-play-state:paused" ><g class="ld ld-fall2" style="transform:matrix3d(-0.0616874, 0.0657606, 0.995927, 0, 0.995927, -0.0616874, 0.0657606, 0, 0.0657606, 0.995927, -0.0616874, 0, 0, 566.9, 0, 1);animation-play-state:paused;animation-duration:4s;animation-delay:-3.53115s" ><rect x="-3.6543297029721202" y="-4.566269113218439" width="7.3086594059442405" height="9.132538226436878" fill="#a3e048" style="transform:matrix(2.23143, 0, 0, 2.23143, 0, 0);animation-play-state:paused" ></rect></g></g>
<g transform="translate(766.7776862466202 0)" style="transform:matrix(1, 0, 0, 1, 766.778, 0);animation-play-state:paused" ><g class="ld ld-fall2" style="transform:matrix3d(0.523927, -0.315216, 0.79129, 0, 0.79129, 0.523927, -0.315216, 0, -0.315216, 0.79129, 0.523927, 0, 0, 384.375, 0, 1);animation-play-state:paused;animation-duration:4s;animation-delay:-2.39328s" ><rect x="-4.562022150097945" y="-4.106469987759934" width="9.12404430019589" height="8.212939975519868" fill="#a3e048" style="transform:matrix(2.28943, 0, 0, 2.28943, 0, 0);animation-play-state:paused" ></rect></g></g>
<g transform="translate(26.35333969666277 0)" style="transform:matrix(1, 0, 0, 1, 26.3533, 0);animation-play-state:paused" ><g class="ld ld-fall2" style="transform:matrix3d(0.999824, -0.0131864, 0.0133626, 0, 0.0133626, 0.999824, -0.0131864, 0, -0.0131864, 0.0133626, 0.999824, 0, 0, 427.217, 0, 1);animation-play-state:paused;animation-duration:2s;animation-delay:-1.32957s" ><rect x="-4.519075866709021" y="-3.880694320147138" width="9.038151733418042" height="7.761388640294276" fill="#34bbe6" style="transform:matrix(2.77091, 0, 0, 2.77091, 0, 0);animation-play-state:paused" ></rect></g></g>
<g transform="translate(657.18734484534 0)" style="transform:matrix(1, 0, 0, 1, 657.187, 0);animation-play-state:paused" ><g class="ld ld-fall2" style="transform:matrix3d(-0.165068, 0.965979, 0.199089, 0, 0.199089, -0.165068, 0.965979, 0, 0.965979, 0.199089, -0.165068, 0, 0, 82.2611, 0, 1);animation-play-state:paused;animation-duration:2s;animation-delay:-0.25524s" ><rect x="-3.20936100036431" y="-4.289128310454473" width="6.41872200072862" height="8.578256620908945" fill="#eb7532" style="transform:matrix(2.53171, 0, 0, 2.53171, 0, 0);animation-play-state:paused" ></rect></g></g>
<g transform="translate(1100.2506470452893 0)" style="transform:matrix(1, 0, 0, 1, 1100.25, 0);animation-play-state:paused" ><g class="ld ld-fall2" style="transform:matrix3d(-0.193974, 0.950248, 0.243726, 0, 0.243726, -0.193974, 0.950248, 0, 0.950248, 0.243726, -0.193974, 0, 0, 298.575, 0, 1);animation-play-state:paused;animation-duration:4s;animation-delay:-1.86s" ><rect x="-3.8378694163862628" y="-4.501140130684101" width="7.6757388327725256" height="9.002280261368202" fill="#34bbe6" style="transform:matrix(2.54076, 0, 0, 2.54076, 0, 0);animation-play-state:paused" ></rect></g></g>
<g transform="translate(133.16003302382973 0)" style="transform:matrix(1, 0, 0, 1, 133.16, 0);animation-play-state:paused" ><g class="ld ld-fall2" style="transform:matrix3d(-0.253301, 0.352372, 0.900929, 0, 0.900929, -0.253301, 0.352372, 0, 0.352372, 0.900929, -0.253301, 0, 0, 337.861, 0, 1);animation-play-state:paused;animation-duration:4s;animation-delay:-2.10463s" ><rect x="-3.2160235274946176" y="-3.7947479318214277" width="6.432047054989235" height="7.589495863642855" fill="#d23be7" style="transform:matrix(2.72777, 0, 0, 2.72777, 0, 0);animation-play-state:paused" ></rect></g></g>
<g transform="translate(218.0635004328192 0)" style="transform:matrix(1, 0, 0, 1, 218.064, 0);animation-play-state:paused" ><g class="ld ld-fall2" style="transform:matrix3d(-0.102073, 0.113831, 0.988243, 0, 0.988243, -0.102073, 0.113831, 0, 0.113831, 0.988243, -0.102073, 0, 0, 350.261, 0, 1);animation-play-state:paused;animation-duration:4s;animation-delay:-2.18158s" ><rect x="-3.6897064376358064" y="-4.971213600876347" width="7.379412875271613" height="9.942427201752693" fill="#eb7532" style="transform:matrix(1.87542, 0, 0, 1.87542, 0, 0);animation-play-state:paused" ></rect></g></g>
<g transform="translate(1171.5739060644805 0)" style="transform:matrix(1, 0, 0, 1, 1171.57, 0);animation-play-state:paused" ><g class="ld ld-fall2" style="transform:matrix3d(0.990999, -0.0900505, 0.0990511, 0, 0.0990511, 0.990999, -0.0900505, 0, -0.0900505, 0.0990511, 0.990999, 0, 0, 422.397, 0, 1);animation-play-state:paused;animation-duration:4s;animation-delay:-2.62923s" ><rect x="-4.82574820919518" y="-4.387165621871892" width="9.65149641839036" height="8.774331243743784" fill="#4355db" style="transform:matrix(3.25418, 0, 0, 3.25418, 0, 0);animation-play-state:paused" ></rect></g></g>
<g transform="translate(741.3487813693002 0)" style="transform:matrix(1, 0, 0, 1, 741.349, 0);animation-play-state:paused" ><g class="ld ld-fall2" style="transform:matrix3d(0.372646, -0.262669, 0.890022, 0, 0.890022, 0.372646, -0.262669, 0, -0.262669, 0.890022, 0.372646, 0, 0, 162.51, 0, 1);animation-play-state:paused;animation-duration:2s;animation-delay:-0.505273s" ><rect x="-5.832895755287516" y="-3.916744783625105" width="11.665791510575032" height="7.83348956725021" fill="#d23be7" style="transform:matrix(1.53821, 0, 0, 1.53821, 0, 0);animation-play-state:paused" ></rect></g></g>
<g transform="translate(253.73216016418993 0)" style="transform:matrix(1, 0, 0, 1, 253.732, 0);animation-play-state:paused" ><g class="ld ld-fall2" style="transform:matrix3d(0.84222, -0.294083, 0.451863, 0, 0.451863, 0.84222, -0.294083, 0, -0.294083, 0.451863, 0.84222, 0, 0, 190.079, 0, 1);animation-play-state:paused;animation-duration:4s;animation-delay:-1.18266s" ><rect x="-3.05575448266341" y="-4.619850980301303" width="6.11150896532682" height="9.239701960602606" fill="#d23be7" style="transform:matrix(3.39193, 0, 0, 3.39193, 0, 0);animation-play-state:paused" ></rect></g></g>
<g transform="translate(1025.2284544187153 0)" style="transform:matrix(1, 0, 0, 1, 1025.23, 0);animation-play-state:paused" ><g class="ld ld-fall2" style="transform:matrix3d(0.975343, -0.143238, 0.167894, 0, 0.167894, 0.975343, -0.143238, 0, -0.143238, 0.167894, 0.975343, 0, 0, 204.708, 0, 1);animation-play-state:paused;animation-duration:4s;animation-delay:-1.27399s" ><rect x="-3.1451540766818065" y="-5.841615286985462" width="6.290308153363613" height="11.683230573970924" fill="#f7d038" style="transform:matrix(1.62538, 0, 0, 1.62538, 0, 0);animation-play-state:paused" ></rect></g></g>
<g transform="translate(1037.0054188936342 0)" style="transform:matrix(1, 0, 0, 1, 1037.01, 0);animation-play-state:paused" ><g class="ld ld-fall2" style="transform:matrix3d(0.969854, 0.186726, -0.15658, 0, -0.15658, 0.969854, 0.186726, 0, 0.186726, -0.15658, 0.969854, 0, 0, 10.2816, 0, 1);animation-play-state:paused;animation-duration:4s;animation-delay:-0.0638038s" ><rect x="-5.587865451692109" y="-3.5379081490426083" width="11.175730903384219" height="7.075816298085217" fill="#4355db" style="transform:matrix(2.7061, 0, 0, 2.7061, 0, 0);animation-play-state:paused" ></rect></g></g>
<g transform="translate(726.7881812970444 0)" style="transform:matrix(1, 0, 0, 1, 726.788, 0);animation-play-state:paused" ><g class="ld ld-fall2" style="transform:matrix3d(0.728182, 0.601101, -0.329284, 0, -0.329284, 0.728182, 0.601101, 0, 0.601101, -0.329284, 0.728182, 0, 0, 31.9107, 0, 1);animation-play-state:paused;animation-duration:2s;animation-delay:-0.0990125s" ><rect x="-5.82030978473736" y="-5.043679776106931" width="11.64061956947472" height="10.087359552213861" fill="#4355db" style="transform:matrix(2.9194, 0, 0, 2.9194, 0, 0);animation-play-state:paused" ></rect></g></g>
<g transform="translate(1194.3304596679004 0)" style="transform:matrix(1, 0, 0, 1, 1194.33, 0);animation-play-state:paused" ><g class="ld ld-fall2" style="transform:matrix3d(-0.286575, 0.430877, 0.855698, 0, 0.855698, -0.286575, 0.430877, 0, 0.430877, 0.855698, -0.286575, 0, 0, 547.832, 0, 1);animation-play-state:paused;animation-duration:4s;animation-delay:-3.41211s" ><rect x="-5.50653639533005" y="-4.95959961748971" width="11.0130727906601" height="9.91919923497942" fill="#a3e048" style="transform:matrix(2.24815, 0, 0, 2.24815, 0, 0);animation-play-state:paused" ></rect></g></g>
<g transform="translate(431.72095794639097 0)" style="transform:matrix(1, 0, 0, 1, 431.721, 0);animation-play-state:paused" ><g class="ld ld-fall2" style="transform:matrix3d(-0.294336, 0.841737, 0.452599, 0, 0.452599, -0.294336, 0.841737, 0, 0.841737, 0.452599, -0.294336, 0, 0, 309.293, 0, 1);animation-play-state:paused;animation-duration:2s;animation-delay:-0.963456s" ><rect x="-4.984902435799732" y="-5.232517818513326" width="9.969804871599464" height="10.465035637026652" fill="#f7d038" style="transform:matrix(3.00274, 0, 0, 3.00274, 0, 0);animation-play-state:paused" ></rect></g></g>
<g transform="translate(790.2286923624176 0)" style="transform:matrix(1, 0, 0, 1, 790.229, 0);animation-play-state:paused" ><g class="ld ld-fall2" style="transform:matrix3d(0.641265, -0.332704, 0.691438, 0, 0.691438, 0.641265, -0.332704, 0, -0.332704, 0.691438, 0.641265, 0, 0, 390.853, 0, 1);animation-play-state:paused;animation-duration:4s;animation-delay:-2.43348s" ><rect x="-5.614531934398012" y="-5.578191372113647" width="11.229063868796024" height="11.156382744227294" fill="#e6261f" style="transform:matrix(1.71152, 0, 0, 1.71152, 0, 0);animation-play-state:paused" ></rect></g></g>
<g transform="translate(788.005529005059 0)" style="transform:matrix(1, 0, 0, 1, 788.006, 0);animation-play-state:paused" ><g class="ld ld-fall2" style="transform:matrix3d(-0.127718, 0.146838, 0.980881, 0, 0.980881, -0.127718, 0.146838, 0, 0.146838, 0.980881, -0.127718, 0, 0, 562.49, 0, 1);animation-play-state:paused;animation-duration:2s;animation-delay:-1.75181s" ><rect x="-4.723820714080282" y="-5.402109789158386" width="9.447641428160564" height="10.804219578316772" fill="#f7d038" style="transform:matrix(1.9707, 0, 0, 1.9707, 0, 0);animation-play-state:paused" ></rect></g></g>
<g transform="translate(513.6544633990154 0)" style="transform:matrix(1, 0, 0, 1, 513.654, 0);animation-play-state:paused" ><g class="ld ld-fall2" style="transform:matrix3d(-0.222109, 0.291765, 0.930344, 0, 0.930344, -0.222109, 0.291765, 0, 0.291765, 0.930344, -0.222109, 0, 0, 554.958, 0, 1);animation-play-state:paused;animation-duration:2s;animation-delay:-1.7283s" ><rect x="-5.515657415503096" y="-4.057373973759928" width="11.031314831006192" height="8.114747947519856" fill="#e6261f" style="transform:matrix(3.22288, 0, 0, 3.22288, 0, 0);animation-play-state:paused" ></rect></g></g>
<g transform="translate(714.8640808388027 0)" style="transform:matrix(1, 0, 0, 1, 714.864, 0);animation-play-state:paused" ><g class="ld ld-fall2" style="transform:matrix3d(-0.290989, 0.443012, 0.847977, 0, 0.847977, -0.290989, 0.443012, 0, 0.443012, 0.847977, -0.290989, 0, 0, 119.204, 0, 1);animation-play-state:paused;animation-duration:2s;animation-delay:-0.370096s" ><rect x="-3.9429276521034704" y="-5.108520770054874" width="7.885855304206941" height="10.217041540109747" fill="#a3e048" style="transform:matrix(3.39564, 0, 0, 3.39564, 0, 0);animation-play-state:paused" ></rect></g></g>
<g transform="translate(591.521630518063 0)" style="transform:matrix(1, 0, 0, 1, 591.522, 0);animation-play-state:paused" ><g class="ld ld-fall2" style="transform:matrix3d(-0.172763, 0.962191, 0.210572, 0, 0.210572, -0.172763, 0.962191, 0, 0.962191, 0.210572, -0.172763, 0, 0, 82.8589, 0, 1);animation-play-state:paused;animation-duration:2s;animation-delay:-0.257095s" ><rect x="-3.1004033385144165" y="-5.522843846597028" width="6.200806677028833" height="11.045687693194056" fill="#f7d038" style="transform:matrix(2.03818, 0, 0, 2.03818, 0, 0);animation-play-state:paused" ></rect></g></g>
<g transform="translate(344.7087931972239 0)" style="transform:matrix(1, 0, 0, 1, 344.709, 0);animation-play-state:paused" ><g class="ld ld-fall2" style="transform:matrix3d(0.896885, 0.360006, -0.256891, 0, -0.256891, 0.896885, 0.360006, 0, 0.360006, -0.256891, 0.896885, 0, 0, 19.1963, 0, 1);animation-play-state:paused;animation-duration:4s;animation-delay:-0.119125s" ><rect x="-3.5427547320099686" y="-3.357055106308882" width="7.085509464019937" height="6.714110212617764" fill="#f7d038" style="transform:matrix(2.48227, 0, 0, 2.48227, 0, 0);animation-play-state:paused" ></rect></g></g>
<g transform="translate(871.9653935495523 0)" style="transform:matrix(1, 0, 0, 1, 871.965, 0);animation-play-state:paused" ><g class="ld ld-fall2" style="transform:matrix3d(0.953786, -0.188109, 0.234322, 0, 0.234322, 0.953786, -0.188109, 0, -0.188109, 0.234322, 0.953786, 0, 0, 415.244, 0, 1);animation-play-state:paused;animation-duration:2s;animation-delay:-1.29242s" ><rect x="-3.0795048822041142" y="-3.433912933787109" width="6.1590097644082284" height="6.867825867574218" fill="#d23be7" style="transform:matrix(1.8907, 0, 0, 1.8907, 0, 0);animation-play-state:paused" ></rect></g></g>
<g transform="translate(110.68117946414318 0)" style="transform:matrix(1, 0, 0, 1, 110.681, 0);animation-play-state:paused" ><g class="ld ld-fall2" style="transform:matrix3d(0.550478, 0.770627, -0.321105, 0, -0.321105, 0.550478, 0.770627, 0, 0.770627, -0.321105, 0.550478, 0, 0, 42.2002, 0, 1);animation-play-state:paused;animation-duration:2s;animation-delay:-0.130939s" ><rect x="-5.791395669288268" y="-4.040676582030471" width="11.582791338576536" height="8.081353164060943" fill="#d23be7" style="transform:matrix(2.85837, 0, 0, 2.85837, 0, 0);animation-play-state:paused" ></rect></g></g>
<g transform="translate(333.88249198128165 0)" style="transform:matrix(1, 0, 0, 1, 333.882, 0);animation-play-state:paused" ><g class="ld ld-fall2" style="transform:matrix3d(0.732816, 0.595808, -0.328624, 0, -0.328624, 0.732816, 0.595808, 0, 0.595808, -0.328624, 0.732816, 0, 0, 245.616, 0, 1);animation-play-state:paused;animation-duration:2s;animation-delay:-0.764689s" ><rect x="-4.929153949661039" y="-4.4404316706174605" width="9.858307899322078" height="8.880863341234921" fill="#f7d038" style="transform:matrix(3.03321, 0, 0, 3.03321, 0, 0);animation-play-state:paused" ></rect></g></g>
<g transform="translate(214.11558479451918 0)" style="transform:matrix(1, 0, 0, 1, 214.116, 0);animation-play-state:paused" ><g class="ld ld-fall2" style="transform:matrix3d(0.87521, -0.273924, 0.398714, 0, 0.398714, 0.87521, -0.273924, 0, -0.273924, 0.398714, 0.87521, 0, 0, 620.821, 0, 1);animation-play-state:paused;animation-duration:4s;animation-delay:-3.86778s" ><rect x="-4.431994207385084" y="-3.7154997947322235" width="8.863988414770168" height="7.430999589464447" fill="#a3e048" style="transform:matrix(2.40877, 0, 0, 2.40877, 0, 0);animation-play-state:paused" ></rect></g></g>
<g transform="translate(481.5251662668815 0)" style="transform:matrix(1, 0, 0, 1, 481.525, 0);animation-play-state:paused" ><g class="ld ld-fall2" style="transform:matrix3d(0.980117, -0.130012, 0.149895, 0, 0.149895, 0.980117, -0.130012, 0, -0.130012, 0.149895, 0.980117, 0, 0, 419.661, 0, 1);animation-play-state:paused;animation-duration:4s;animation-delay:-2.61225s" ><rect x="-3.7052997516751907" y="-3.2788776557923804" width="7.410599503350381" height="6.557755311584761" fill="#d23be7" style="transform:matrix(1.82293, 0, 0, 1.82293, 0, 0);animation-play-state:paused" ></rect></g></g>
<g transform="translate(272.50608834635335 0)" style="transform:matrix(1, 0, 0, 1, 272.506, 0);animation-play-state:paused" ><g class="ld ld-fall2" style="transform:matrix3d(0.758481, 0.565473, -0.323954, 0, -0.323954, 0.758481, 0.565473, 0, 0.565473, -0.323954, 0.758481, 0, 0, 29.9468, 0, 1);animation-play-state:paused;animation-duration:2s;animation-delay:-0.0929191s" ><rect x="-5.741529474872244" y="-5.762449333472553" width="11.483058949744487" height="11.524898666945106" fill="#f7d038" style="transform:matrix(1.82201, 0, 0, 1.82201, 0, 0);animation-play-state:paused" ></rect></g></g>
<g transform="translate(23.60419351195737 0)" style="transform:matrix(1, 0, 0, 1, 23.6042, 0);animation-play-state:paused" ><g class="ld ld-fall2" style="transform:matrix3d(0.881717, 0.387455, -0.269172, 0, -0.269172, 0.881717, 0.387455, 0, 0.387455, -0.269172, 0.881717, 0, 0, 20.6014, 0, 1);animation-play-state:paused;animation-duration:4s;animation-delay:-0.127844s" ><rect x="-3.9041877320295653" y="-4.579711250313145" width="7.8083754640591305" height="9.15942250062629" fill="#4355db" style="transform:matrix(3.10963, 0, 0, 3.10963, 0, 0);animation-play-state:paused" ></rect></g></g>
<g transform="translate(96.26619392246434 0)" style="transform:matrix(1, 0, 0, 1, 96.2662, 0);animation-play-state:paused" ><g class="ld ld-fall2" style="transform:matrix3d(0.665, -0.333331, 0.668331, 0, 0.668331, 0.665, -0.333331, 0, -0.333331, 0.668331, 0.665, 0, 0, 178.235, 0, 1);animation-play-state:paused;animation-duration:4s;animation-delay:-1.10872s" ><rect x="-5.4601589661094625" y="-4.410985612561909" width="10.920317932218925" height="8.821971225123818" fill="#34bbe6" style="transform:matrix(2.70216, 0, 0, 2.70216, 0, 0);animation-play-state:paused" ></rect></g></g>
<g transform="translate(47.93320574524147 0)" style="transform:matrix(1, 0, 0, 1, 47.9332, 0);animation-play-state:paused" ><g class="ld ld-fall2" style="transform:matrix3d(0.545215, -0.320022, 0.774807, 0, 0.774807, 0.545215, -0.320022, 0, -0.320022, 0.774807, 0.545215, 0, 0, 385.516, 0, 1);animation-play-state:paused;animation-duration:4s;animation-delay:-2.40036s" ><rect x="-5.560166178030446" y="-5.0490304776486" width="11.120332356060892" height="10.0980609552972" fill="#d23be7" style="transform:matrix(3.05906, 0, 0, 3.05906, 0, 0);animation-play-state:paused" ></rect></g></g>
<g transform="translate(1218.187567007919 0)" style="transform:matrix(1, 0, 0, 1, 1218.19, 0);animation-play-state:paused" ><g class="ld ld-fall2" style="transform:matrix3d(0.922804, -0.231081, 0.308278, 0, 0.308278, 0.922804, -0.231081, 0, -0.231081, 0.308278, 0.922804, 0, 0, 625.447, 0, 1);animation-play-state:paused;animation-duration:2s;animation-delay:-1.94833s" ><rect x="-4.9766873951439665" y="-3.4317689205841244" width="9.953374790287933" height="6.863537841168249" fill="#e6261f" style="transform:matrix(2.61131, 0, 0, 2.61131, 0, 0);animation-play-state:paused" ></rect></g></g>
<g transform="translate(170.03483145324304 0)" style="transform:matrix(1, 0, 0, 1, 170.035, 0);animation-play-state:paused" ><g class="ld ld-fall2" style="transform:matrix3d(0.744969, 0.581664, -0.326633, 0, -0.326633, 0.744969, 0.581664, 0, 0.581664, -0.326633, 0.744969, 0, 0, 244.834, 0, 1);animation-play-state:paused;animation-duration:2s;animation-delay:-0.762247s" ><rect x="-3.382949067865432" y="-4.716729525090474" width="6.765898135730864" height="9.433459050180948" fill="#34bbe6" style="transform:matrix(2.06267, 0, 0, 2.06267, 0, 0);animation-play-state:paused" ></rect></g></g>
<g transform="translate(941.0814085993144 0)" style="transform:matrix(1, 0, 0, 1, 941.081, 0);animation-play-state:paused" ><g class="ld ld-fall2" style="transform:matrix3d(0.758862, 0.565009, -0.323871, 0, -0.323871, 0.758862, 0.565009, 0, 0.565009, -0.323871, 0.758862, 0, 0, 457.922, 0, 1);animation-play-state:paused;animation-duration:2s;animation-delay:-1.4254s" ><rect x="-4.58033239690543" y="-4.316165784616831" width="9.16066479381086" height="8.632331569233662" fill="#f7d038" style="transform:matrix(2.61572, 0, 0, 2.61572, 0, 0);animation-play-state:paused" ></rect></g></g>
<g transform="translate(209.82860853158877 0)" style="transform:matrix(1, 0, 0, 1, 209.829, 0);animation-play-state:paused" ><g class="ld ld-fall2" style="transform:matrix3d(0.817842, -0.305496, 0.487655, 0, 0.487655, 0.817842, -0.305496, 0, -0.305496, 0.487655, 0.817842, 0, 0, 402.21, 0, 1);animation-play-state:paused;animation-duration:4s;animation-delay:-2.50396s" ><rect x="-3.5127494365265353" y="-3.8186256717208504" width="7.0254988730530705" height="7.637251343441701" fill="#a3e048" style="transform:matrix(1.53007, 0, 0, 1.53007, 0, 0);animation-play-state:paused" ></rect></g></g>
<g transform="translate(132.77636363833537 0)" style="transform:matrix(1, 0, 0, 1, 132.776, 0);animation-play-state:paused" ><g class="ld ld-fall2" style="transform:matrix3d(-0.0290052, 0.0298724, 0.999133, 0, 0.999133, -0.0290052, 0.0298724, 0, 0.0298724, 0.999133, -0.0290052, 0, 0, 568.929, 0, 1);animation-play-state:paused;animation-duration:2s;animation-delay:-1.77191s" ><rect x="-5.0194086525478685" y="-3.9441378919392696" width="10.038817305095737" height="7.888275783878539" fill="#e6261f" style="transform:matrix(3.11201, 0, 0, 3.11201, 0, 0);animation-play-state:paused" ></rect></g></g>
<g transform="translate(794.8775791176694 0)" style="transform:matrix(1, 0, 0, 1, 794.878, 0);animation-play-state:paused" ><g class="ld ld-fall2" style="transform:matrix3d(0.856606, 0.429429, -0.286036, 0, -0.286036, 0.856606, 0.429429, 0, 0.429429, -0.286036, 0.856606, 0, 0, 450.76, 0, 1);animation-play-state:paused;animation-duration:4s;animation-delay:-2.80609s" ><rect x="-4.313506703361986" y="-5.700803521907701" width="8.627013406723972" height="11.401607043815401" fill="#a3e048" style="transform:matrix(3.32062, 0, 0, 3.32062, 0, 0);animation-play-state:paused" ></rect></g></g>
<g transform="translate(651.4772495033619 0)" style="transform:matrix(1, 0, 0, 1, 651.477, 0);animation-play-state:paused" ><g class="ld ld-fall2" style="transform:matrix3d(-0.15697, 0.187288, 0.969682, 0, 0.969682, -0.15697, 0.187288, 0, 0.187288, 0.969682, -0.15697, 0, 0, 132.356, 0, 1);animation-play-state:paused;animation-duration:4s;animation-delay:-0.822295s" ><rect x="-4.934555647048244" y="-4.954762271325238" width="9.869111294096488" height="9.909524542650477" fill="#f7d038" style="transform:matrix(2.92755, 0, 0, 2.92755, 0, 0);animation-play-state:paused" ></rect></g></g></g>

  
<g transform="translate(0 -184.50713501231684)" style="transform:matrix(1, 0, 0, 1, 0, -184.507);animation-play-state:paused" ><g transform="translate(1160.7714412726332 0)" style="transform:matrix(1, 0, 0, 1, 1160.77, 0);animation-play-state:paused" ><g class="ld ld-fall" style="transform:matrix3d(0.241236, 0.951197, -0.192432, 0, -0.192432, 0.241236, 0.951197, 0, 0.951197, -0.192432, 0.241236, 0, 0, 58.2202, 0, 1);animation-play-state:paused;animation-duration:2s;animation-delay:-0.180646s" ><rect x="-5.071382699724362" y="-3.0361255701215084" width="10.142765399448724" height="6.072251140243017" fill="#f7d038" style="transform:matrix(1.70657, 0, 0, 1.70657, 0, 0);animation-play-state:paused" ></rect></g></g>
<g transform="translate(869.9460288682848 0)" style="transform:matrix(1, 0, 0, 1, 869.946, 0);animation-play-state:paused" ><g class="ld ld-fall" style="transform:matrix3d(0.747071, -0.326249, 0.579177, 0, 0.579177, 0.747071, -0.326249, 0, -0.326249, 0.579177, 0.747071, 0, 0, 183.303, 0, 1);animation-play-state:paused;animation-duration:2s;animation-delay:-0.57018s" ><rect x="-4.371079698643413" y="-5.30225947245065" width="8.742159397286827" height="10.6045189449013" fill="#f7d038" style="transform:matrix(3.42065, 0, 0, 3.42065, 0, 0);animation-play-state:paused" ></rect></g></g>
<g transform="translate(701.245669163687 0)" style="transform:matrix(1, 0, 0, 1, 701.246, 0);animation-play-state:paused" ><g class="ld ld-fall" style="transform:matrix3d(0.833204, 0.465406, -0.29861, 0, -0.29861, 0.833204, 0.465406, 0, 0.465406, -0.29861, 0.833204, 0, 0, 238.626, 0, 1);animation-play-state:paused;animation-duration:2s;animation-delay:-0.742869s" ><rect x="-3.1827549616285413" y="-5.729149600580333" width="6.365509923257083" height="11.458299201160665" fill="#d23be7" style="transform:matrix(2.34102, 0, 0, 2.34102, 0, 0);animation-play-state:paused" ></rect></g></g>
<g transform="translate(318.6147339175695 0)" style="transform:matrix(1, 0, 0, 1, 318.615, 0);animation-play-state:paused" ><g class="ld ld-fall" style="transform:matrix3d(-0.150774, 0.972329, 0.178445, 0, 0.178445, -0.150774, 0.972329, 0, 0.972329, 0.178445, -0.150774, 0, 0, 509.181, 0, 1);animation-play-state:paused;animation-duration:4s;animation-delay:-3.17081s" ><rect x="-4.587735174645536" y="-4.040009698540847" width="9.175470349291071" height="8.080019397081694" fill="#f7d038" style="transform:matrix(1.57012, 0, 0, 1.57012, 0, 0);animation-play-state:paused" ></rect></g></g>
<g transform="translate(772.2333297075688 0)" style="transform:matrix(1, 0, 0, 1, 772.233, 0);animation-play-state:paused" ><g class="ld ld-fall" style="transform:matrix3d(-0.291788, 0.846519, 0.445269, 0, 0.445269, -0.291788, 0.846519, 0, 0.846519, 0.445269, -0.291788, 0, 0, 94.9125, 0, 1);animation-play-state:paused;animation-duration:2s;animation-delay:-0.294495s" ><rect x="-5.9595480695537475" y="-5.402132258943888" width="11.919096139107495" height="10.804264517887775" fill="#34bbe6" style="transform:matrix(2.13148, 0, 0, 2.13148, 0, 0);animation-play-state:paused" ></rect></g></g>
<g transform="translate(829.6414014517344 0)" style="transform:matrix(1, 0, 0, 1, 829.641, 0);animation-play-state:paused" ><g class="ld ld-fall" style="transform:matrix3d(0.987668, -0.10437, 0.116702, 0, 0.116702, 0.987668, -0.10437, 0, -0.10437, 0.116702, 0.987668, 0, 0, 207.439, 0, 1);animation-play-state:paused;animation-duration:2s;animation-delay:-0.645519s" ><rect x="-4.69283427998058" y="-3.0754691550946265" width="9.38566855996116" height="6.150938310189253" fill="#a3e048" style="transform:matrix(3.03243, 0, 0, 3.03243, 0, 0);animation-play-state:paused" ></rect></g></g>
<g transform="translate(1274.4854768588455 0)" style="transform:matrix(1, 0, 0, 1, 1274.49, 0);animation-play-state:paused" ><g class="ld ld-fall" style="transform:matrix3d(0.0429299, -0.0411598, 0.99823, 0, 0.99823, 0.0429299, -0.0411598, 0, -0.0411598, 0.99823, 0.0429299, 0, 0, 145.149, 0, 1);animation-play-state:paused;animation-duration:4s;animation-delay:-0.902165s" ><rect x="-5.942108815898265" y="-4.609038438458695" width="11.88421763179653" height="9.21807687691739" fill="#d23be7" style="transform:matrix(2.89886, 0, 0, 2.89886, 0, 0);animation-play-state:paused" ></rect></g></g>
<g transform="translate(915.4763307558586 0)" style="transform:matrix(1, 0, 0, 1, 915.476, 0);animation-play-state:paused" ><g class="ld ld-fall" style="transform:matrix3d(0.84578, 0.44641, -0.29219, 0, -0.29219, 0.84578, 0.44641, 0, 0.44641, -0.29219, 0.84578, 0, 0, 237.638, 0, 1);animation-play-state:paused;animation-duration:2s;animation-delay:-0.739787s" ><rect x="-4.493379674083438" y="-5.552137989380844" width="8.986759348166876" height="11.104275978761688" fill="#d23be7" style="transform:matrix(3.40833, 0, 0, 3.40833, 0, 0);animation-play-state:paused" ></rect></g></g>
<g transform="translate(200.6800783939731 0)" style="transform:matrix(1, 0, 0, 1, 200.68, 0);animation-play-state:paused" ><g class="ld ld-fall" style="transform:matrix3d(-0.244461, 0.334222, 0.910239, 0, 0.910239, -0.244461, 0.334222, 0, 0.334222, 0.910239, -0.244461, 0, 0, 552.788, 0, 1);animation-play-state:paused;animation-duration:4s;animation-delay:-3.44305s" ><rect x="-5.148093332891267" y="-4.461778496978041" width="10.296186665782534" height="8.923556993956081" fill="#34bbe6" style="transform:matrix(2.17562, 0, 0, 2.17562, 0, 0);animation-play-state:paused" ></rect></g></g>
<g transform="translate(63.074157032317366 0)" style="transform:matrix(1, 0, 0, 1, 63.0742, 0);animation-play-state:paused" ><g class="ld ld-fall" style="transform:matrix3d(0.42649, 0.858441, -0.284931, 0, -0.284931, 0.42649, 0.858441, 0, 0.858441, -0.284931, 0.42649, 0, 0, 48.7251, 0, 1);animation-play-state:paused;animation-duration:4s;animation-delay:-0.302369s" ><rect x="-4.847037161264348" y="-5.892071620356985" width="9.694074322528696" height="11.78414324071397" fill="#f7d038" style="transform:matrix(2.36098, 0, 0, 2.36098, 0, 0);animation-play-state:paused" ></rect></g></g>
<g transform="translate(423.7820269429795 0)" style="transform:matrix(1, 0, 0, 1, 423.782, 0);animation-play-state:paused" ><g class="ld ld-fall" style="transform:matrix3d(-0.285982, 0.429286, 0.856696, 0, 0.856696, -0.285982, 0.429286, 0, 0.429286, 0.856696, -0.285982, 0, 0, 333.914, 0, 1);animation-play-state:paused;animation-duration:2s;animation-delay:-1.04007s" ><rect x="-4.65471002018206" y="-5.255088690039333" width="9.30942004036412" height="10.510177380078666" fill="#e6261f" style="transform:matrix(2.33348, 0, 0, 2.33348, 0, 0);animation-play-state:paused" ></rect></g></g>
<g transform="translate(1160.9466944373582 0)" style="transform:matrix(1, 0, 0, 1, 1160.95, 0);animation-play-state:paused" ><g class="ld ld-fall" style="transform:matrix3d(-0.101266, 0.988441, 0.112824, 0, 0.112824, -0.101266, 0.988441, 0, 0.988441, 0.112824, -0.101266, 0, 0, 77.6849, 0, 1);animation-play-state:paused;animation-duration:2s;animation-delay:-0.241041s" ><rect x="-3.5954392900516146" y="-3.846373071045993" width="7.190878580103229" height="7.692746142091986" fill="#eb7532" style="transform:matrix(2.79569, 0, 0, 2.79569, 0, 0);animation-play-state:paused" ></rect></g></g>
<g transform="translate(583.989660899019 0)" style="transform:matrix(1, 0, 0, 1, 583.99, 0);animation-play-state:paused" ><g class="ld ld-fall" style="transform:matrix3d(-0.0616874, 0.0657606, 0.995927, 0, 0.995927, -0.0616874, 0.0657606, 0, 0.0657606, 0.995927, -0.0616874, 0, 0, 566.9, 0, 1);animation-play-state:paused;animation-duration:4s;animation-delay:-3.53115s" ><rect x="-3.6543297029721202" y="-4.566269113218439" width="7.3086594059442405" height="9.132538226436878" fill="#a3e048" style="transform:matrix(2.23143, 0, 0, 2.23143, 0, 0);animation-play-state:paused" ></rect></g></g>
<g transform="translate(766.7776862466202 0)" style="transform:matrix(1, 0, 0, 1, 766.778, 0);animation-play-state:paused" ><g class="ld ld-fall" style="transform:matrix3d(0.523927, -0.315216, 0.79129, 0, 0.79129, 0.523927, -0.315216, 0, -0.315216, 0.79129, 0.523927, 0, 0, 384.375, 0, 1);animation-play-state:paused;animation-duration:4s;animation-delay:-2.39328s" ><rect x="-4.562022150097945" y="-4.106469987759934" width="9.12404430019589" height="8.212939975519868" fill="#a3e048" style="transform:matrix(2.28943, 0, 0, 2.28943, 0, 0);animation-play-state:paused" ></rect></g></g>
<g transform="translate(26.35333969666277 0)" style="transform:matrix(1, 0, 0, 1, 26.3533, 0);animation-play-state:paused" ><g class="ld ld-fall" style="transform:matrix3d(0.999824, -0.0131864, 0.0133626, 0, 0.0133626, 0.999824, -0.0131864, 0, -0.0131864, 0.0133626, 0.999824, 0, 0, 427.217, 0, 1);animation-play-state:paused;animation-duration:2s;animation-delay:-1.32957s" ><rect x="-4.519075866709021" y="-3.880694320147138" width="9.038151733418042" height="7.761388640294276" fill="#34bbe6" style="transform:matrix(2.77091, 0, 0, 2.77091, 0, 0);animation-play-state:paused" ></rect></g></g>
<g transform="translate(657.18734484534 0)" style="transform:matrix(1, 0, 0, 1, 657.187, 0);animation-play-state:paused" ><g class="ld ld-fall" style="transform:matrix3d(-0.165068, 0.965979, 0.199089, 0, 0.199089, -0.165068, 0.965979, 0, 0.965979, 0.199089, -0.165068, 0, 0, 82.2611, 0, 1);animation-play-state:paused;animation-duration:2s;animation-delay:-0.25524s" ><rect x="-3.20936100036431" y="-4.289128310454473" width="6.41872200072862" height="8.578256620908945" fill="#eb7532" style="transform:matrix(2.53171, 0, 0, 2.53171, 0, 0);animation-play-state:paused" ></rect></g></g>
